10 10
10 10
10 10
10 10
10 10
10 10
20 10
20 10
20 10
20 10
20 10
10 10
10 10
10 10
10 10
10 10
30 10
30 10
30 10
30 10
30 10
30 10
30 10
10 10
10 10
10 10
10 10
10 10
40 10
40 10
40 10
40 10
40 10
40 10
40 10
20 10
20 10
20 10
20 10
20 10
20 10
20 10
50 10
50 10
50 10
50 10
50 10
50 10
50 10
50 10
30 10
30 10
30 10
30 10
30 10
30 10
30 10
30 10
60 10
60 10
60 10
60 10
60 10
60 10
60 10
60 10
10 10
10 10
10 10
10 10
10 10
10 10
10 10
10 10
20 10
20 10
20 10
20 10
20 10
20 10
20 10
10 10
10 10
10 10
10 10
