10 10
10 10
10 10
10 10
10 10
10 10
50 10
50 10
50 10
50 10
50 10
50 10
80 10
80 10
80 10
80 10
80 10
80 10
20 10
20 10
20 10
20 10
20 10
20 10
60 10
60 10
60 10
60 10
60 10
60 10
90 10
90 10
90 10
90 10
90 10
90 10
100 10
100 10
100 10
100 10
100 10
100 10
70 10
70 10
70 10
70 10
70 10
70 10
50 10
50 10
50 10
50 10
50 10
50 10
80 10
80 10
80 10
80 10
80 10
80 10
100 10
100 10
100 10
100 10
100 10
100 10
10 10
10 10
10 10
10 10
10 10
10 10
30 10
30 10
30 10
30 10
30 10
30 10
60 10
60 10
60 10
60 10
60 10
60 10
90 10
90 10
90 10
90 10
90 10
90 10
70 10
70 10
70 10
70 10
70 10
70 10
100 10
100 10
100 10
100 10
100 10
100 10
80 10
80 10
80 10
80 10
80 10
80 10
50 10
50 10
50 10
50 10
50 10
50 10
15 10
15 10
15 10
15 10
15 10
15 10
